201303
201302
201301
201212
201211
201210
201209
201208
201207
201206
201205
201204
201203
201202
201201
201112
201111
201110
201109
201108
201107
201106
201105
201104
201103
201102
201101
201012
201011
201010
201009
201008
201007
201006
201005
201004
201003
201002
201001
200912
200911
200910
200909
200908
200907
200906
200905
200904
200903
200902
200901
200812
200811
200810
200809
200808
200807
200806
200805
200804
200803
200802
200801
200712
200711
200710
200709
200708
200707
200706
200705
200704
200703
200702
200701
200612
200611
200610
200609
200608
200607
200606
200605
200604
200603
200602
200601
2005
2004
2003
2002
2001
2000
1999
1998
1997
1996
1995
1994
1993
1992
1991
1990
1989
1988
1987
1986
1985
1984
1983
1982
1981
1980
1979
